0 0.55390625 0.50703125 0.284375 0.440625
0 0.42109375 0.2453125 0.0390625 0.046875
0 0.4609375 0.0078125 0.0546875 0.015625
0 0.39921875 0.53671875 0.0625 0.1015625
0 0.3171875 0.66015625 0.0640625 0.0765625
0 0.20703125 0.41640625 0.05 0.059375
0 0.11640625 0.71015625 0.2328125 0.50625
0 0.98671875 0.8375 0.0265625 0.15625
0 0.65 0.4828125 0.69375 0.965625
0 0.7484375 0.4796875 0.0703125 0.09375
0 0.721875 0.34140625 0.0421875 0.059375
0 0.96796875 0.3171875 0.0640625 0.10625
0 0.8953125 0.12578125 0.203125 0.2515625
0 0.7578125 0.73828125 0.04375 0.065625
0 0.54453125 0.13984375 0.046875 0.065625