0 0.50234375 0.86953125 0.42421875 0.25625
0 0.2453125 0.09140625 0.14453125 0.18203125
0 0.1515625 0.1578125 0.03671875 0.06328125
0 0.06328125 0.51796875 0.12578125 0.20625
0 0.02890625 0.84296875 0.05546875 0.103125
0 0.15 0.8734375 0.02578125 0.04140625
0 0.27109375 0.9140625 0.03984375 0.05703125
0 0.22734375 0.49921875 0.08515625 0.1515625
0 0.16640625 0.41640625 0.02109375 0.0375
0 0.39921875 0.57734375 0.28046875 0.5828125
0 0.7015625 0.38671875 0.3453125 0.4484375
0 0.72890625 0.67734375 0.13359375 0.23046875
0 0.9359375 0.934375 0.0703125 0.11484375
0 0.78515625 0.84296875 0.02734375 0.04453125
0 0.403125 0.1984375 0.02734375 0.03125
0 0.90625 0.28125 0.02890625 0.03984375
0 0.93046875 0.21953125 0.04921875 0.0734375
0 0.965625 0.08671875 0.06171875 0.134375
0 0.98515625 0.5828125 0.028125 0.1171875
0 0.82578125 0.80078125 0.02109375 0.0328125
0 0.85234375 0.90625 0.0203125 0.04140625