0 0.8890625 0.46796875 0.221875 0.459375
0 0.0875 0.7453125 0.175 0.15625
0 0.1484375 0.8453125 0.06875 0.040625
0 0.5375 0.93671875 0.221875 0.1265625
0 0.88828125 0.97421875 0.1109375 0.0515625
0 0.92265625 0.846875 0.04375 0.028125
0 0.96640625 0.71640625 0.0625 0.04375
0 0.5171875 0.7640625 0.1625 0.0921875
0 0.428125 0.8296875 0.040625 0.021875
0 0.6015625 0.578125 0.6296875 0.303125
0 0.3953125 0.25234375 0.484375 0.371875
0 0.7109375 0.22265625 0.25 0.14375
0 0.9625 0.01875 0.075 0.0375
0 0.8890625 0.16171875 0.0484375 0.028125
0 0.1921875 0.57421875 0.034375 0.028125
0 0.28203125 0.03046875 0.04375 0.03125
0 0.21484375 0.01640625 0.08125 0.03125
0 0.84375 0.11796875 0.034375 0.021875
0 0.9578125 0.08984375 0.04375 0.021875