0 0.49375 0.40625 0.415625 0.271875
0 0.2453125 0.5328125 0.04375 0.0375
0 0.0140625 0.4953125 0.028125 0.0515625
0 0.521875 0.553125 0.096875 0.059375
0 0.63828125 0.63125 0.071875 0.0609375
0 0.4078125 0.7359375 0.05625 0.046875
0 0.68515625 0.85625 0.4796875 0.2875
0 0.80625 0.00390625 0.1484375 0.0078125
0 0.4640625 0.321875 0.928125 0.64375
0 0.4671875 0.221875 0.0890625 0.065625
0 0.33671875 0.246875 0.05625 0.040625
0 0.31328125 0.021875 0.1 0.04375
0 0.12578125 0.08984375 0.2515625 0.1796875
0 0.7125 0.21328125 0.0625 0.040625
0 0.1453125 0.415625 0.0625 0.0453125