0 0.86640625 0.4984375 0.2671875 0.4671875
0 0.059375 0.78046875 0.11875 0.1578125
0 0.0921875 0.8828125 0.06875 0.040625
0 0.4875 0.95546875 0.2265625 0.0890625
0 0.87890625 0.884375 0.0453125 0.028125
0 0.9234375 0.7515625 0.0625 0.04375
0 0.4671875 0.8 0.165625 0.09375
0 0.3765625 0.86640625 0.040625 0.0234375
0 0.553125 0.6109375 0.640625 0.3078125
0 0.34375 0.27890625 0.49375 0.378125
0 0.66328125 0.2484375 0.253125 0.146875
0 0.940625 0.03046875 0.11875 0.059375
0 0.84453125 0.18671875 0.05 0.0296875
0 0.13671875 0.60625 0.034375 0.0296875
0 0.228125 0.053125 0.04375 0.03125
0 0.16015625 0.02734375 0.08125 0.053125
0 0.7984375 0.1421875 0.0359375 0.0234375
0 0.91484375 0.11328125 0.0453125 0.021875