0 0.5953125 0.4890625 0.25703125 0.3953125
0 0.47578125 0.25390625 0.03515625 0.04140625
0 0.51171875 0.0234375 0.04921875 0.046875
0 0.45625 0.515625 0.05703125 0.09140625
0 0.3828125 0.6265625 0.0578125 0.06875
0 0.28359375 0.4078125 0.0453125 0.053125
0 0.153125 0.671875 0.30625 0.45546875
0 0.9859375 0.78671875 0.025 0.140625
0 0.6828125 0.453125 0.6234375 0.896875
0 0.7703125 0.4640625 0.06328125 0.084375
0 0.746875 0.340625 0.0375 0.053125
0 0.96953125 0.31875 0.06015625 0.09609375
0 0.90390625 0.1328125 0.18359375 0.25625
0 0.77890625 0.696875 0.0390625 0.05859375
0 0.58671875 0.159375 0.04296875 0.05859375