0 0.24453125 0.09140625 0.140625 0.18203125
0 0.93359375 0.93984375 0.07265625 0.11328125
0 0.78515625 0.84375 0.02578125 0.034375
0 0.984375 0.58203125 0.02734375 0.1171875
0 0.96875 0.0859375 0.06015625 0.13046875
0 0.93046875 0.21875 0.04921875 0.07421875
0 0.9046875 0.284375 0.02578125 0.04296875
0 0.74296875 0.484375 0.25703125 0.63203125
0 0.51796875 0.86875 0.38359375 0.26015625
0 0.44609375 0.5765625 0.36171875 0.56171875
0 0.4015625 0.196875 0.0234375 0.03984375
0 0.153125 0.16171875 0.0359375 0.06015625
0 0.22734375 0.503125 0.084375 0.1390625
0 0.028125 0.8453125 0.05390625 0.1015625
0 0.06171875 0.51875 0.1234375 0.19765625
0 0.27109375 0.91484375 0.03671875 0.05703125