0 0.91171875 0.2390625 0.1765625 0.14375
0 0.053125 0.94453125 0.10625 0.075
0 0.14609375 0.79296875 0.034375 0.0265625
0 0.4140625 0.99140625 0.11875 0.0171875
0 0.92265625 0.975 0.134375 0.05
0 0.78515625 0.9421875 0.075 0.05
0 0.71875 0.915625 0.04375 0.0265625
0 0.5140625 0.75 0.646875 0.2625
0 0.12734375 0.51953125 0.2546875 0.3921875
0 0.41953125 0.446875 0.575 0.36875
0 0.8078125 0.40078125 0.040625 0.0234375
0 0.84375 0.146875 0.0625 0.0375
0 0.49453125 0.2234375 0.1421875 0.0859375
0 0.1453125 0.0234375 0.103125 0.046875
0 0.4796875 0.05859375 0.2015625 0.115625
0 0.0734375 0.26796875 0.0578125 0.0375