0 0.2125 0.99140625 0.140625 0.0171875
0 0.3234375 0.15546875 0.46875 0.3109375
0 0.5921875 0.2796875 0.059375 0.040625
0 0.75703125 0.47890625 0.046875 0.040625
0 0.37109375 0.3828125 0.071875 0.0546875
0 0.48671875 0.45625 0.0921875 0.0546875
0 0.8484375 0.5890625 0.05 0.0421875
0 0.4875 0.59921875 0.35625 0.265625
0 0.30078125 0.784375 0.05625 0.0421875
0 0.68671875 0.9734375 0.096875 0.053125
0 0.82109375 0.91328125 0.1671875 0.1734375
0 0.66484375 0.753125 0.053125 0.0359375
0 0.5359375 0.78125 0.075 0.05
0 0.5015625 0.73671875 0.8125 0.5265625