0 0.91015625 0.24453125 0.178125 0.140625
0 0.0578125 0.9390625 0.1140625 0.0734375
0 0.1546875 0.7890625 0.034375 0.0265625
0 0.41875 0.98828125 0.11875 0.0234375
0 0.91953125 0.971875 0.13125 0.05625
0 0.78359375 0.9359375 0.075 0.05
0 0.71796875 0.91015625 0.04375 0.0265625
0 0.51640625 0.746875 0.6375 0.259375
0 0.13046875 0.5203125 0.2609375 0.3859375
0 0.42421875 0.4484375 0.565625 0.3640625
0 0.80625 0.403125 0.040625 0.0234375
0 0.84140625 0.153125 0.0609375 0.0359375
0 0.49765625 0.228125 0.140625 0.084375
0 0.153125 0.02734375 0.103125 0.0546875
0 0.4828125 0.06171875 0.1984375 0.1234375
0 0.0828125 0.271875 0.05625 0.0375