0 0.78515625 0.0078125 0.140625 0.015625
0 0.6734375 0.84375 0.46875 0.3125
0 0.4046875 0.71875 0.059375 0.040625
0 0.23984375 0.51953125 0.046875 0.040625
0 0.625 0.615625 0.071875 0.0546875
0 0.51015625 0.5421875 0.0921875 0.0546875
0 0.1484375 0.409375 0.05 0.0421875
0 0.509375 0.39921875 0.35625 0.265625
0 0.69609375 0.2140625 0.05625 0.0421875
0 0.309375 0.02578125 0.096875 0.0515625
0 0.175 0.0859375 0.1671875 0.171875
0 0.33203125 0.2453125 0.053125 0.0359375
0 0.4609375 0.2171875 0.075 0.05
0 0.49609375 0.2625 0.8125 0.525