0 0.9859375 0.7875 0.02265625 0.1390625
0 0.15625 0.6765625 0.3125 0.4609375
0 0.28125 0.41171875 0.0390625 0.05859375
0 0.478125 0.24921875 0.0390625 0.04609375
0 0.38359375 0.62890625 0.05390625 0.0703125
0 0.45546875 0.515625 0.05390625 0.09140625
0 0.5859375 0.16015625 0.04140625 0.05
0 0.59609375 0.51484375 0.2609375 0.35078125
0 0.77890625 0.6984375 0.04140625 0.0546875
0 0.96796875 0.31875 0.05703125 0.09609375
0 0.91015625 0.18671875 0.17734375 0.16484375
0 0.74765625 0.340625 0.03515625 0.053125
0 0.775 0.46796875 0.04921875 0.07421875
0 0.7328125 0.50234375 0.51875 0.79921875